                                                                                             548                                                                                                                                                                                             

                                             274                                                                                             822                                                                                             

                     137                                             411                                             685                                             959                                             

         68                     204                     340                     476                     612                     748                     884                     986                     

   34         102         170         238         306         374         442         510         578         646         714         782         850         918                                 

17                                                                                                                                                                                             

